000013469
000022704
000030708
000033016
000040154
000041029
000055418
000059794
000065339
000099899
000111209
000114595
000135363
000142834
000156511
000170503
000172482
000208064
000234747
000245459
000267099
000272874
000275100
000298013
000302087
000316731
000336238
000337885
000338399
000346846
000350466
000360424
000361586
000377819
000381992
000391837
000392606
000410145
000437064
000437398
000440161
000460055
000460994
000463202
000464448
000479982
000502550
000506158
000559416
000577066
000580377
000593350
000594176
000604704
000608753
000612865
000618382
000646436
000648808
000678817
000695213
000735304
000756287
000759142
000773027
000775965
000784159
000784492
000805262
000810820
000834974
000835470
000846442
000849558
000855477
000877476
000886329
000899429
000900566
000906310
000909418
000916555
000924231
000950620
000958269
000973096
000988787
000997878
001004698
001009041
001013118
001060742
001072280
001096365
001096592
001119931
001135364
001138967
001143268
001155628
001162660
001170263
001209802
001211527
001212077
001216835
001229066
001241609
001259261
001260752
001272728
001282165
001300192
001312213
001361415
001394902
001399341
001430749
001431528
001437021
001439349
001483016
001485612
001499850
001522247
001526484
001527384
001539489
001541496
001548246
001549992
001594569
001612465
001624344
001661623
001686718
001691280
001703146
001729398
001738874
001755236
001756546
001779489
001803201
001808109
001812404
001815797
001821403
001823258
001834866
001834988
001835838
001839068
001857072
001858033
001859206
001912635
001915549
001921053
001923170
001930442
001940125
001943267
001965148
001971054
001993217
002021752
002023623
002024938
002047846
002058449
002076409
002076789
002084524
002086147
002093412
002094496
002098300
002098498
002138885
002158991
002162699
002180679
002182340
002183188
002185138
002191333
002194147
002198181
002198652
002206615
002222064
002225013
002225035
002232287
002242589
002250433
002256165
002256858
002294843
002304709
002308548
002308962
002310685
002335210
002337758
002350242
002363859
002371636
002394627
002396139
002397545
002399595
002414078
002423759
002429270
002431597
002439099
002441431
002442010
002465606
002466369
002483441
002500411
002551355
002576960
002628477
002633870
002716130
002728765
002749333
002753672
002762976
002763183
002812151
002819032
002845739
002851849
002852002
002863119
002880137
002898693
002899674
002903878
002903990
002916976
002917067
002919084
002944251
003046369
003049655
003065059
003065250
003095579
003106813
003114909
003117491
003133746
003155955
003158614
003185676
003218440
003265906
003291377
003291859
003313346
003317416
003319649
003339320
003340301
003361360
003367640
003373011
003378915
003382164
003417559
003419649
003428514
003429790
003467270
003474215
003490586
003498187
003530225
003541897
003550337
003559023
003561215
003567442
003577469
003580929
003598983
003616038
003618480
003646105
003689329
003700763
003723120
003748796
003752866
003769739
003778422
003778451
003795049
003799784
003826414
003830722
003836386
003868496
003881295
003893371
003895785
003897236
003899601
003925305
003931949
003939183
003955751
003959557
003972915
003993219
004005912
004006909
004013939
004024086
004027816
004032524
004035083
004050917
004069980
004077514
004083355
004084044
004086862
004097822
004149733
004172479
004193567
004197273
004212774
004220047
004226899
004233449
004233495
004234975
004236193
004242230
004274461
004278327
004283732
004306743
004310011
004321994
004341253
004346840
004366093
004384685
004384702
004388109
004397164
004429543
004439526
004449443
004455663
004484044
004498114
004511100
004522729
004537725
004541016
004552550
004555016
004558516
004572661
004592006
004593003
004603314
004635327
004640436
004645041
004669782
004685191
004690641
004706120
004770834
004786560
004789802
004795773
004814284
004821204
004846423
004849737
004851187
004876632
004888823
004912689
004916083
004922091
004924440
004926073
004927365
004986015
004997903
005001882
005010543
005010703
005024301
005032293
005039779
005050747
005057557
005061084
005062247
005085397
005113164
005113538
005120635
005122430
005127033
005133437
005146671
005164180
005166218
005174548
005202985
005204584
005227637
005235502
005247768
005278335
005282464
005282589
005297879
005314959
005349821
005363479
005369719
005383052
005391668
005393258
005403959
005433203
005438697
005450928
005452256
005453966
005462154
005462629
005473964
005476164
005476378
005495787
005515659
005548394
005592635
005594795
005617608
005620956
005622492
005637550
005651094
005651462
005661497
005662556
005668043
005683906
005688140
005694795
005695287
005700659
005705472
005708686
005709908
005717965
005738847
005759183
005764758
005773628
005784268
005804634
005809195
005824345
005843099
005850715
005855093
005862956
005880453
005952470
005976227
005991218
006014234
006026739
006035208
006041199
006043654
006044692
006055226
006068307
006107796
006110296
006137293
006140658
006150574
006160799
006194652
006203676
006207848
006220323
006225059
006229180
006243133
006243428
006265320
006267213
006268962
006269564
006272159
006290748
006297644
006303365
006325341
006325403
006331925
006344930
006360144
006366333
006372333
006384138
006400008
006400635
006409471
006423525
006439295
006449068
006452241
006466554
006477220
006485359
006489928
006505159
006524045
006525519
006527438
006536616
006560076
006562609
006569043
006583774
006584216
006598090
006600984
006605531
006616519
006644163
006656473
006697361
006706563
006718520
006723418
006724063
006742387
006750255
006755484
006803731
006818662
006835171
006835320
006844071
006850296
006875095
006875391
006894061
006899001
006900759
006904591
006942384
006944783
006958178
006964115
007006870
007010814
007065879
007066819
007081470
007091331
007091619
007103489
007153882
007161191
007180755
007189942
007190672
007198194
007202667
007219841
007227201
007231057
007252232
007271121
007273626
007276238
007281547
007298271
007308156
007336076
007338402
007344469
007350828
007356103
007357964
007374417
007407491
007411917
007417263
007424686
007478816
007489584
007494401
007525760
007527224
007532143
007535490
007558509
007560159
007569973
007587164
007598865
007608937
007623922
007660291
007681103
007691064
007695320
007696918
007697991
007700493
007702670
007718753
007727173
007764933
007767241
007771198
007771242
007810430
007838843
007845582
007851122
007862671
007878207
007880670
007890327
007896916
007914467
007924961
007928028
007976343
007978912
007989369
007989940
007991511
007998248
008011485
008018676
008022429
008061129
008107492
008122963
008127910
008139032
008144087
008147390
008152473
008162998
008170396
008172535
008196878
008217167
008220159
008238105
008238174
008240443
008274750
008279867
008291458
008292715
008303876
008316173
008322307
008325766
008346930
008358222
008364309
008389796
008390254
008421301
008427056
008449010
008464993
008466981
008467616
008475947
008478062
008516717
008520048
008540303
008550853
008559955
008565039
008565825
008613577
008616669
008645751
008734799
008741681
008743270
008744650
008745016
008764275
008769671
008771764
008785618
008800603
008809285
008812657
008831272
008845574
008849250
008851905
008856817
008857834
008860471
008877327
008897554
008900318
008901612
008924975
008957634
008963177
008967826
008969930
008998556
009007386
009019570
009041898
009051990
009062444
009083818
009103631
009106636
009108441
009113734
009120610
009124239
009132573
009137144
009148296
009148684
009155174
009159203
009257607
009263637
009284509
009309600
009310277
009321147
009321393
009325487
009328738
009332812
009343187
009349301
009352012
009414675
009427598
009432410
009441890
009448388
009465438
009476847
009484919
009488918
009493201
009526207
009539928
009553531
009571456
009601101
009620574
009624649
009625058
009658723
009671983
009681206
009689216
009691733
009705413
009706933
009722442
009761004
009761876
009770728
009783416
009793837
009804454
009820889
009839565
009865738
009876905
009895230
009905643
009944139
009946160
009949467
009949941
009973097
010001809
010006467
010021135
010023188
010033105
010045602
010061998
010063748
010075284
010097811
010104581
010107649
010112484
010140815
010142083
010147154
010171844
010184727
010187876
010189239
010189310
010212370
010239446
010241312
010244212
010254813
010258456
010278558
010280856
010283282
010319981
010321959
010330048
010343411
010357657
010366914
010368029
010377471
010387379
010401030
010410858
010424320
010445452
010450756
010455446
010466063
010468957
010470516
010490439
010518828
010539322
010540138
010566468
010573527
010577891
010579652
010580502
010587432
010587902
010609205
010621383
010629486
010653669
010659825
010661309
010687692
010691986
010693606
010698064
010699997
010701067
010702913
010711252
010723580
010736112
010742449
010745055
010749932
010812335
010813197
010814960
010848126
010860740
010868254
010886045
010899999
010901362
010901474
010902316
010926421
010935393
010948237
010962819
010973745
010977790
010986311
011001772
011009531
011027673
011032230
011034223
011035506
011042764
011043186
011057919
011058634
011074312
011074851
011104639
011131432
011146214
011185995
011191962
011197297
011211365
011211925
011224107
011240471
011269786
011285814
011292659
011301263
011310576
011321468
011322065
011323122
011324345
011326908
011330350
011339833
011342743
011376196
011405030
011409578
011429129
011432999
011464780
011468124
011476887
011478628
011483682
011488309
011501094
011556280
011567522
011580489
011583466
011585278
011605346
011607264
011613896
011618078
011624575
011627368
011654669
011674790
011680411
011706702
011740406
011746207
011747590
011750184
011767651
011775108
011776399
011793319
011816264
011819681
011850262
011854094
011865570
011870910
011914819
011921044
011924491
011927167
011938101
011938350
011959425
011963044
011975997
011984066
011995294
012000275
012019154
012025177
012032666
012037815
012044734
012048182
012056689
012056902
012073835
012101572
012125271
012126489
012130470
012138494
012142212
012151117
012161816
012162289
012175200
012208542
012223419
012236483
012241081
012258316
012274095
012278480
012288779
012308785
012324627
012324746
012328378
012331849
012346357
012376067
012409688
012434584
012449890
012461421
012490394
012503162
012511616
012525123
012548630
012564098
012566255
012580234
012596678
012611014
012642623
012662112
012682402
012694441
012705627
012710261
012711929
012718119
012731188
012807851
012809575
012813504
012818807
012822995
012834993
012839617
012875444
012881307
012893731
012905339
012906512
012907125
012907367
012915942
012918392
012951492
012958454
012970626
012980556
012985701
012995490
013008067
013019446
013032411
013035168
013065234
013101462
013118510
013126221
013132325
013140537
013144602
013156531
013156769
013157071
013159408
013170954
013178667
013181037
013215620
013226872
013258218
013271575
013295227
013321859
013322675
013328426
013338124
013351555
013369565
013370268
013392749
013394122
013399868
013408277
013423842
013427485
013429696
013436961
013441468
013452549
013457627
013503814
013516629
013523538
013537860
013545954
013562662
013563720
013580711
013588615
013622778
013625057
013637148
013645112
013668832
013681863
013688032
013691579
013705968
013706270
013710319
013721723
013736865
013772830
013778552
013827553
013860150
013865253
013896037
013903416
013919670
013924537
013939117
013952678
013955460
013971019
013977166
013991898
014026721
014026816
014028231
014028501
014055297
014061636
014070783
014077046
014085702
014104663
014104969
014107892
014119906
014122354
014122952
014161135
014214637
014218138
014224937
014299168
014299755
014308140
014337567
014357746
014369161
014378517
014407879
014416006
014436456
014443648
014447570
014451522
014489487
014489866
014499296
014528601
014548265
014550965
014562865
014588925
014592898
014609657
014687451
014689657
014707348
014720023
014727381
014727556
014730304
014738327
014741377
014748397
014760682
014772353
014791114
014821911
014828254
014841012
014862413
014866273
014869932
014880211
014926801
014934845
014943190
014963672
014981629
014997106
015031062
015041689
015073108
015073699
015087805
015096499
015124683
015134126
015159507
015166696
015184345
015204857
015222821
015275043
015285914
015288885
015294319
015311345
015311353
015314450
015335140
015336483
015341288
015345683
015374503
015407573
015449220
015450181
015505972
015509361
015532997
015567613
015575162
015592625
015593515
015620151
015636214
015643704
015650790
015661281
015676295
015683370
015716282
015718247
015723567
015737158
015737851
015768867
015816989
015828305
015848932
015852023
015859801
015883770
015883915
015885269
015916020
015928304
015931074
015968951
015987976
016002494
016012824
016020475
016030904
016051542
016055394
016071335
016080805
016090528
016095549
016101833
016107418
016108425
016110002
016110991
016123681
016136736
016144769
016145783
016178859
016198293
016222957
016223341
016247915
016249842
016261694
016274911
016279099
016284658
016285829
016290265
016293644
016306587
016361620
016362382
016365594
016381366
016391720
016393172
016406359
016411444
016427657
016465469
016470635
016523789
016540090
016544164
016551974
016553529
016555318
016574978
016577454
016582998
016618500
016620054
016636272
016641428
016643208
016653851
016656625
016673325
016674557
016678734
016683823
016684858
016686020
016697387
016704178
016710009
016719585
016732130
016735703
016748258
016749109
016756654
016781460
016810686
016814109
016827859
016844055
016860681
016893506
016894409
016895420
016895704
016898137
016905775
016907180
016916189
016926475
016928621
016939913
016952016
016955799
016979264
016982035
016988288
016988707
016999630
017004989
017010688
017014274
017052412
017067744
017070836
017081371
017088759
017108597
017110248
017128264
017132454
017143220
017167820
017167929
017178911
017181618
017183456
017253170
017258579
017265740
017275539
017278965
017286052
017296952
017312544
017335793
017337360
017349605
017353692
017363931
017376159
017396371
017397740
017410934
017420151
017435671
017440927
017441054
017449849
017458398
017478499
017483692
017512314
017514063
017522177
017522429
017532168
017562647
017567230
017585788
017615391
017619441
017638699
017642670
017662343
017686321
017711657
017713545
017715352
017720938
017801595
017802953
017803597
017806544
017816862
017827481
017839825
017845067
017854466
017862888
017895044
017909494
017920985
017930226
017936468
017952829
017957876
017965122
017979781
017984445
018013703
018027154
018037977
018042382
018065490
018076992
018081064
018106290
018118328
018121804
018143835
018159772
018161397
018177887
018206761
018211792
018232876
018233518
018242669
018263898
018265162
018266305
018277390
018281339
018287425
018292293
018299772
018325586
018338383
018344220
018348320
018384573
018391205
018394771
018397850
018404103
018418853
018433135
018436824
018448788
018449041
018453505
018494534
018515169
018519557
018521572
018533018
018560406
018572119
018575906
018583206
018590171
018610056
018613215
018613590
018624494
018631678
018636523
018643826
018651101
018651851
018655791
018656386
018656702
018669430
018673299
018683441
018690953
018705684
018710842
018712427
018747933
018780778
018802473
018805857
018839298
018839477
018854061
018901728
018919579
018927350
018934772
018935623
018936088
018958893
018987533
018993614
018999651
019000929
019009409
019023988
019041350
019071725
019074826
019080949
019098203
019104516
019105187
019105249
019110562
019134476
019148961
019159397
019160336
019177346
019186732
019187671
019188755
019197551
019198427
019202337
019223200
019228902
019231577
019241104
019244561
019253482
019258163
019267640
019275201
019275432
019293444
019303616
019333923
019344723
019405388
019412877
019416208
019424312
019448223
019462384
019484049
019495950
019516652
019560900
019566630
019577511
019577799
019578381
019582505
019583924
019598286
019613935
019648697
019668820
019706353
019710604
019718298
019719269
019720590
019740373
019748628
019755591
019758094
019759738
019764778
019767094
019769030
019785465
019794978
019841010
019852869
019854020
019854286
019855240
019866064
019892978
019921969
019935013
019938082
019942886
019946269
019957162
019964802
019965969
019966974
019972828
019984726
019987297
020001059
020015024
020021600
020034936
020065002
020074218
020091134
020136378
020144648
020152838
020153794
020208431
020221509
020226088
020247856
020299356
020307059
020316004
020347274
020370329
020381868
020388648
020403563
020408766
020424211
020425647
020426476
020431638
020444837
020448195
020448346
020466895
020480152
020480241
020498430
020508483
020509375
020523393
020525753
020562948
020568726
020570429
020584121
020588199
020594864
020613892
020614616
020625211
020638674
020651316
020674665
020681789
020683711
020684104
020700083
020754094
020767465
020771552
020773008
020808721
020828559
020831539
020832695
020849447
020851051
020852754
020870042
020874253
020889103
020918547
020930608
020941982
020942839
020946843
020951922
020966092
020973899
020986468
020992743
021004734
021010719
021011769
021011778
021027618
021042048
021046222
021064560
021070667
021079310
021085479
021102308
021105589
021116047
021136664
021143126
021144801
021147032
021157281
021171678
021174586
021199405
021204484
021212540
021262319
021291729
021313848
021320428
021323487
021334657
021344788
021351137
021351849
021371297
021372115
021373669
021411624
021430007
021430826
021445823
021449387
021455652
021488097
021513023
021520187
021542190
021545328
021546291
021560906
021567515
021572349
021574068
021581119
021582103
021592560
021603818
021618533
021715355
021723347
021754943
021776262
021789138
021789255
021799830
021820753
021824705
021843824
021847043
021884082
021903836
021906682
021921399
021936807
021941564
021963493
021975030
021988299
021993431
021998020
021998550
022006625
022012924
022036969
022048621
022050426
022076961
022099816
022100289
022112326
022114761
022123535
022127000
022150078
022152715
022177551
022207587
022260364
022267608
022295001
022297747
022304897
022315325
022336033
022337144
022359584
022372573
022377257
022381761
022384239
022389723
022417228
022426931
022430263
022444057
022458238
022460482
022461692
022465740
022488678
022504040
022516102
022526578
022531693
022540211
022602900
022628263
022665640
022675862
022683710
022690077
022712637
022717956
022719125
022722069
022730241
022742173
022748160
022780076
022781029
022807494
022816733
022845474
022867678
022879817
022894234
022931895
022936578
022971628
022982673
022983900
023000045
023000884
023002883
023008449
023037482
023042067
023081173
023085355
023102618
023107480
023108085
023115137
023132831
023143663
023147521
023158299
023190112
023194710
023227336
023228965
023246904
023259464
023267818
023272835
023273024
023277968
023306983
023314730
023325764
023356736
023357908
023369004
023384837
023402818
023407620
023432507
023437159
023440145
023453087
023454410
023475442
023483605
023487370
023492919
023503130
023515557
023532555
023540725
023547142
023597558
023600793
023640396
023660978
023663313
023665538
023684004
023692399
023692786
023693332
023714807
023724909
023746891
023747670
023748331
023751612
023754413
023756584
023763754
023808718
023814665
023818278
023833721
023873845
023877715
023879621
023902564
023903594
023909539
023918010
023921109
023948871
023951017
023956189
023974417
023977974
023984156
024003842
024009590
024024502
024030575
024032277
024044556
024067051
024068491
024069271
024099626
024116521
024120146
024120677
024130164
024137064
024149649
024154281
024160128
024165892
024183499
024189329
024219589
024231061
024235370
024239788
024241591
024241881
024269440
024271499
024299759
024316757
024317219
024336971
024344262
024348230
024349526
024361479
024373666
024376949
024406345
024413682
024423947
024429029
024450750
024465505
024468619
024471560
024479987
024481173
024511906
024522996
024534911
024545446
024570509
024580386
024581859
024582713
024584744
024607414
024607860
024627073
024634825
024637140
024640203
024647791
024660363
024665862
024667886
024682387
024691650
024696541
024697880
024714507
024720570
024773099
024793245
024828748
024838361
024848914
024853982
024854931
024871568
024874327
024889839
024891372
024894352
024897690
024901996
024929223
024954620
024955239
024966895
024974418
024990172
025005676
025024290
025048295
025056176
025080413
025096666
025100618
025125916
025130769
025151304
025174446
025175880
025178845
025179906
025181470
025185336
025190827
025194021
025199822
025204686
025217111
025220240
025246930
025261946
025266300
025267963
025270786
025283378
025291459
025308440
025310154
025322331
025324536
025327238
025339811
025345713
025354978
025376261
025396640
025402115
025421783
025422503
025425240
025434009
025438881
025462687
025466377
025467062
025480082
025481762
025505945
025533637
025602117
025619151
025629238
025656278
025666169
025669067
025669855
025696885
025709609
025711466
025715235
025746533
025760722
025766192
025768289
025769565
025786425
025790283
025793951
025815817
025824439
025830043
025850625
025862083
025891762
025899845
025909821
025933490
025944917
025980358
026021137
026023660
026028686
026054501
026079139
026080843
026083516
026083562
026112714
026123420
026170568
026203500
026209390
026211297
026217155
026226404
026244807
026251029
026263361
026324735
026336362
026355148
026357295
026369826
026380607
026427626
026434512
026485240
026496706
026498077
026504643
026517074
026532614
026534247
026554418
026558760
026560004
026577366
026592845
026610137
026614995
026622829
026631232
026650984
026679455
026702827
026706094
026724698
026773722
026799645
026814323
026817437
026824269
026828720
026856217
026887485
026903355
026911975
026918644
026924323
026926032
026927042
026928452
026935692
026949005
026951186
026963001
026963617
026971700
026974961
026983345
026997364
027000248
027005847
027038324
027064394
027067461
027072276
027073373
027083225
027109625
027122152
027148422
027151658
027164113
027173852
027194604
027194973
027195456
027195711
027208416
027225436
027230733
027231540
027244644
027253117
027266799
027291716
027302880
027315962
027320351
027326245
027331932
027332958
027338392
027340707
027357157
027364042
027387182
027391487
027401178
027405522
027417386
027426185
027466587
027470503
027473153
027480604
027519021
027523918
027529014
027544668
027556678
027563537
027568590
027592255
027616956
027637935
027641054
027649040
027687765
027690169
027706925
027725842
027729086
027742673
027761950
027771403
027792201
027821719
027849200
027858517
027870735
027871210
027871372
027875987
027882014
027887085
027893531
027906028
027928750
027935632
027952789
027969501
027992962
028045506
028063558
028077541
028093451
028096105
028104975
028125929
028127845
028129480
028147730
028151909
028152120
028163579
028185096
028185477
028189377
028193688
028200257
028211161
028218707
028231106
028232635
028240433
028247243
028247874
028249884
028254086
028265565
028324906
028391740
028418430
028421059
028428829
028434391
028442032
028451196
028454061
028456084
028456671
028460721
028469797
028479199
028496828
028506884
028509517
028509950
028518660
028520580
028529772
028540407
028540529
028562599
028573143
028575832
028576890
028606005
028608778
028611202
028622431
028639658
028654740
028661556
028663685
028666058
028673969
028684665
028705661
028722121
028723899
028740253
028751120
028793409
028804401
028814949
028815214
028815695
028845835
028869374
028880997
028882778
028891432
028896852
028897700
028915033
028924477
028943952
028944919
028946969
028954275
028975960
028983546
029015363
029050451
029065033
029070486
029074387
029087685
029087973
029095043
029100336
029122332
029122933
029127649
029136107
029140227
029146091
029148067
029157677
029197601
029201410
029232952
029233331
029238311
029244546
029250770
029261273
029314773
029330861
029341091
029347858
029359184
029367641
029380203
029391660
029397863
029434817
029443078
029470137
029510886
029537700
029544478
029561436
029582410
029592381
029592635
029608209
029611713
029615447
029617677
029621526
029625575
029630205
029633025
029650157
029652172
029653443
029653558
029655991
029661248
029669670
029679614
029708865
029709097
029711716
029712172
029721411
029728720
029730060
029766451
029785940
029795743
029797455
029804170
029805221
029811555
029819730
029845066
029868398
029882023
029906431
029933646
029969783
029980053
029989759
030069119
030097552
030102609
030104608
030108718
030115902
030122575
030160357
030166224
030204887
030217015
030219103
030227670
030246632
030289494
030291707
030304675
030306576
030320819
030327515
030333538
030345322
030351012
030388757
030407028
030415525
030430759
030444345
030461377
030475110
030490312
030511214
030521453
030538148
030544423
030566407
030580258
030600611
030605920
030610396
030625362
030638289
030667397
030679428
030712069
030720839
030746217
030765509
030767909
030774952
030781915
030812641
030835507
030839459
030846828
030881891
030884381
030886090
030886520
030909549
030925611
030932422
030932677
030936856
030937272
030963181
030968056
030992991
031000001
031002185
031014722
031030848
031036338
031060097
031075661
031076170
031099470
031151230
031172207
031181613
031206404
031216169
031218974
031250546
031258026
031284463
031290739
031294562
031302535
031306799
031325074
031336941
031340556
031366091
031373526
031396672
031400038
031401471
031416741
031424152
031427010
031431488
031435598
031447664
031454610
031468897
031484116
031490955
031493323
031494031
031505650
031528051
031540690
031565363
031566848
031577315
031593582
031610489
031617805
031627015
031629235
031632206
031650214
031653773
031660243
031690414
031694659
031707377
031708879
031758680
031793933
031797605
031800642
031832521
031869726
031879836
031885181
031886682
031909534
031910047
031913952
031921104
031931688
031942210
031954906
031969569
031985304
032000489
032023004
032036197
032056322
032066275
032070409
032078006
032085454
032135231
032149570
032158394
032166999
032168405
032179691
032186186
032206754
032232183
032233331
032281450
032283778
032285994
032319407
032320293
032346733
032353041
032366278
032372423
032389555
032397611
032415440
032432938
032455191
032457634
032457866
032461724
032479287
032488661
032510402
032513293
032523823
032539042
032539970
032564649
032589014
032595154
032597904
032614972
032637421
032644944
032662191
032687879
032694102
032694210
032700677
032719161
032722118
032725737
032749735
032754727
032784284
032807922
032810348
032819275
032820175
032820617
032823311
032830871
032835735
032835779
032853512
032869739
032886063
032891978
032900573
032913671
032932128
032938732
032941666
032954213
032969489
032971218
032973111
032990096
032993002
032997490
033015595
033021506
033021523
033028467
033028701
033031101
033063295
033091189
033091477
033109429
033121381
033139309
033139414
033149227
033154420
033198339
033200801
033217252
033219103
033222776
033226972
033303842
033324174
033329986
033331782
033336784
033341800
033345702
033362840
033371485
033377660
033395352
033404997
033407722
033410465
033413641
033414302
033421534
033426337
033440118
033441445
033466501
033474353
033485695
033504917
033520805
033540681
033546191
033589827
033613048
033679279
033689579
033692191
033692687
033698312
033701781
033723775
033731783
033774800
033775599
033808441
033811092
033811577
033826751
033836787
033858597
033874449
033880117
033890820
033893622
033902855
033924066
033930527
033945019
033950591
033964532
033987496
034022299
034041156
034057594
034096197
034124445
034141225
034157039
034161606
034164111
034188132
034190528
034193022
034193449
034211308
034213260
034228184
034239512
034243281
034244798
034245629
034247256
034247522
034253923
034273093
034293512
034304401
034327549
034343059
034344428
034389384
034404079
034409976
034443829
034456191
034488917
034501684
034502067
034519221
034520403
034520710
034548085
034566728
034569599
034594952
034626605
034636350
034639932
034649977
034671876
034676007
034734333
034757990
034767174
034780921
034780965
034796867
034809555
034829942
034838806
034879059
034886672
034901871
034915540
034944764
034950637
034965338
034970323
034973959
034986169
034989546
035000687
035012526
035016153
035020193
035070233
035070979
035071851
035095332
035113781
035114369
035121939
035144167
035152804
035170982
035182690
035232705
035248105
035248473
035305039
035325141
035342138
035347748
035360528
035390583
035392768
035399557
035400494
035422068
035462216
035462709
035475517
035489768
035491784
035499631
035524286
035528397
035528964
035533971
035542853
035543668
035543934
035562200
035564843
035567272
035576071
035609673
035620293
035672317
035673133
035675333
035677049
035679626
035706614
035723542
035736868
035759953
035764055
035781125
035781408
035788853
035808530
035813972
035840224
035846573
035862158
035871553
035874251
035879786
035882861
035897043
035902262
035910994
035916394
035917035
035927692
035942383
035947158
035948773
035954314
035963674
035967556
035990793
035997352
036005990
036013641
036047451
036099476
036105970
036107473
036109964
036140378
036159027
036162031
036191999
036195407
036214878
036250198
036282003
036282872
036308230
036333378
036339248
036362775
036362960
036382504
036402747
036422788
036450096
036459373
036478381
036481810
036482104
036482247
036486761
036504569
036504757
036509392
036540613
036600055
036601339
036601539
036602827
036638339
036655119
036656172
036672191
036681009
036711577
036714316
036717381
036727770
036765805
036768952
036771580
036775935
036777467
036778599
036784718
036799966
036813359
036826024
036826279
036829547
036831038
036852634
036857669
036862065
036901470
036933017
036960430
036975251
036999889
037006206
037023219
037032018
037047210
037083408
037094101
037106473
037117242
037117412
037122765
037123493
037127092
037143395
037146726
037173929
037180100
037217326
037224530
037230710
037240067
037242370
037267610
037293213
037312262
037325179
037326173
037330499
037331541
037335316
037344459
037345795
037346422
037356629
037360566
037364082
037421280
037426447
037432556
037433615
037446689
037455289
037461261
037473201
037517640
037524141
037532135
037549724
037564874
037575935
037598667
037604179
037631182
037637063
037667644
037676774
037686688
037694991
037705393
037728572
037739111
037754542
037762908
037780910
037783921
037786599
037798812
037802495
037803106
037815397
037869066
037870636
037875145
037888157
037913932
037936560
037959364
037975152
037994181
037997492
038010600
038015014
038040055
038044445
038056613
038057594
038066826
038078373
038107068
038114765
038133582
038149129
038157439
038160922
038162104
038193964
038198005
038212349
038225591
038236460
038264116
038279876
038291641
038296701
038339714
038342613
038348112
038350902
038353451
038360904
038377393
038401907
038418915
038419418
038423054
038441821
038454551
038467062
038504124
038514074
038528493
038540312
038571671
038586081
038605094
038623640
038641556
038644837
038654051
038721786
038732252
038758167
038764881
038765990
038778316
038782609
038784510
038793508
038797275
038798676
038818100
038838504
038846334
038846364
038853115
038855810
038906071
038912301
038920862
038926640
038929561
038940494
038941354
039006607
039023855
039027886
039031321
039037645
039090600
039106888
039120344
039121817
039133284
039145427
039173510
039181089
039185937
039191056
039202706
039209358
039221779
039224405
039244484
039250201
039275018
039276092
039280772
039283908
039317703
039324646
039348055
039366341
039371917
039408365
039417045
039419049
039423774
039424199
039447744
039447939
039452259
039457232
039460495
039484100
039485367
039501167
039507633
039510075
039525932
039529250
039551694
039552214
039564682
039566991
039574483
039575061
039617269
039628052
039653923
039654599
039657856
039692328
039715250
039718353
039745393
039759187
039761238
039768441
039786570
039795306
039804317
039814928
039825641
039835532
039836129
039850473
039855922
039859966
039882153
039903532
039914166
039929926
039940030
039977755
040021228
040032987
040035663
040040474
040065785
040081244
040085142
040090272
040097033
040121483
040146178
040165313
040177880
040178525
040181941
040192019
040195192
040202722
040209275
040211739
040215638
040227462
040240626
040241849
040252636
040273237
040299976
040303876
040321063
040335697
040351999
040360100
040431110
040452739
040469272
040472531
040479541
040491771
040510269
040519714
040522578
040542283
040547147
040561939
040564526
040596146
040601254
040608213
040625427
040632303
040646272
040653831
040656150
040656781
040680480
040686411
040687906
040701079
040708497
040710649
040733492
040740788
040754303
040759833
040774811
040786003
040789424
040793537
040815169
040822182
040826677
040843668
040845558
040884366
040892724
040898650
040902712
040907603
040914379
040914542
040934296
040947074
040955873
040967105
040992793
041002379
041008968
041028571
041033759
041038292
041050482
041060407
041070040
041073154
041090206
041094255
041102108
041102711
041102847
041109560
041111342
041112728
041119048
041119152
041132270
041134625
041151160
041166111
041176455
041186347
041189830
041194655
041217305
041227973
041261968
041291119
041299206
041305435
041317252
041319448
041334246
041354052
041364475
041406783
041420055
041427685
041468771
041469015
041483067
041484685
041519764
041555999
041562778
041564157
041570358
041571131
041572790
041577480
041607024
041616095
041650443
041656583
041670866
041686978
041690697
041703522
041704873
041716428
041734147
041739478
041760525
041796954
041820278
041825555
041836304
041838953
041844679
041844950
041851639
041860519
041869514
041875899
041887066
041892362
041903142
041920001
041923694
041927166
041944799
041962738
041990755
041993384
042012808
042042896
042068224
042073656
042119138
042124805
042156176
042182818
042185839
042212156
042235187
042268662
042272864
042280347
042286841
042287647
042311343
042323944
042325914
042335803
042343880
042367641
042369018
042373825
042377012
042394951
042422201
042433814
042437677
042438902
042443760
042449283
042449637
042468349
042500241
042506817
042522819
042530815
042535650
042543119
042576161
042618130
042638989
042640606
042649975
042684141
042684279
042690532
042696639
042711245
042715604
042718116
042730604
042743107
042745053
042748645
042748969
042760133
042769951
042770117
042782346
042786951
042801935
042817569
042834279
042847310
042856384
042859261
042870202
042872514
042875074
042875141
042892906
042906237
042912332
042914949
042932277
042944790
042970081
042981770
042985198
042993975
042998521
042999254
043020010
043031643
043034317
043052934
043067357
043071662
043078547
043093673
043098522
043099334
043104342
043130171
043155429
043161552
043170298
043176754
043180510
043184369
043201893
043206729
043207688
043211718
043222708
043234623
043239636
043243717
043248338
043248339
043249788
043261493
043264248
043266011
043272914
043276688
043283992
043285111
043308020
043321864
043334203
043336695
043337861
043354310
043364592
043372370
043372788
043378440
043380804
043385165
043401937
043444595
043450269
043459596
043482734
043493590
043495911
043501193
043526228
043538940
043558916
043560650
043561186
043561981
043584110
043593449
043604697
043621442
043626713
043635119
043635132
043657112
043661419
043672256
043677717
043707808
043747492
043760312
043770965
043777727
043798602
043799775
043804408
043813757
043842889
043850125
043873721
043876222
043897142
043907061
043909462
043913066
043914982
043940499
043949251
043951169
043976850
043982074
044003315
044004147
044011591
044012077
044013270
044027917
044043457
044044135
044075494
044100560
044131111
044136008
044136756
044150674
044151870
044154729
044185371
044202761
044229381
044253722
044254551
044265485
044269370
044275429
044307593
044325344
044332032
044339567
044379484
044391670
044391945
044394496
044404375
044406474
044410356
044411301
044413285
044414420
044415907
044418341
044433517
044438236
044447998
044471278
044521212
044527912
044554164
044572982
044574862
044582178
044587734
044633403
044671453
044683423
044689416
044693804
044737982
044741237
044750070
044767343
044794242
044808549
044809111
044863259
044874075
044885137
044892671
044893145
044895544
044907851
044912341
044914820
044936587
044958335
044972731
044973984
044977794
044991278
044995958
045025425
045035098
045046733
045058249
045062105
045062341
045081941
045098650
045113007
045126780
045129411
045138702
045154636
045163668
045163900
045176768
045185867
045186904
045216075
045217296
045221794
045231828
045232348
045243952
045272543
045302401
045313385
045323217
045335354
045374895
045375376
045383788
045384656
045393296
045395883
045400162
045409354
045409659
045418366
045426774
045434542
045446351
045454106
045482977
045495078
045501103
045505170
045518538
045532875
045536773
045546557
045556678
045564955
045570628
045610540
045629588
045629964
045632592
045645340
045660092
045662899
045688807
045689907
045726080
045731661
045756712
045762663
045763187
045769961
045790030
045790941
045806694
045806886
045813836
045820481
045830064
045832359
045846761
045852301
045854877
045881293
045891652
045913576
045915913
045923739
045923988
045930369
045990892
045997831
046006624
046007199
046010263
046069901
046089834
046096959
046109875
046110319
046147746
046165918
046186446
046191929
046200580
046209682
046215971
046229556
046232850
046236145
046245682
046261927
046284476
046325660
046332594
046332890
046339101
046350157
046351148
046354784
046355222
046378060
046380982
046382172
046393249
046393626
046398170
046398542
046413519
046426642
046433174
046435025
046437032
046453846
046458276
046472376
046478421
046485478
046487093
046500201
046504415
046517370
046520561
046572558
046593278
046618159
046625674
046629941
046630976
046636412
046644709
046656171
046696741
046699145
046699942
046710369
046717413
046735873
046741050
046757036
046768121
046775823
046784918
046806905
046808162
046808406
046817776
046818390
046830095
046832431
046843528
046854695
046865164
046869007
046873353
046877874
046902494
046904075
046906034
046916605
046917750
046928228
046930300
046940684
046942675
046943486
046958070
046980208
046980432
046998827
047024909
047039635
047047125
047054149
047069122
047070595
047078500
047122333
047123669
047136811
047136816
047153639
047159467
047173984
047175631
047190911
047193737
047221493
047228180
047279335
047321319
047369113
047370621
047417383
047421422
047425502
047443491
047464816
047501676
047510836
047518916
047519772
047524653
047525490
047529298
047547572
047548381
047557008
047559619
047565098
047565503
047570408
047594222
047598305
047633573
047643699
047675388
047679522
047683888
047690543
047698339
047714638
047755066
047787731
047789066
047855872
047870168
047870220
047904073
047945498
047963196
047966718
048017344
048018352
048034158
048058658
048106719
048112402
048112569
048114436
048124346
048127795
048143535
048146292
048169984
048170548
048183725
048189123
048190757
048201734
048208116
048247544
048253841
048271005
048287512
048295336
048310109
048318086
048349809
048359305
048369003
048380254
048387726
048416425
048418450
048421307
048421314
048426043
048426620
048434290
048436815
048469629
048474136
048477806
048505267
048507291
048509466
048525325
048537237
048549589
048558970
048587176
048588561
048598849
048600345
048617365
048637210
048648277
048661004
048682943
048714536
048724956
048726535
048735437
048746784
048757119
048762781
048783432
048790020
048794791
048820998
048821936
048833814
048851835
048860493
048889314
048895093
048901738
048919652
048921625
048927252
048939254
048956091
048962383
048962446
048978587
048989414
049020146
049020285
049045953
049080725
049104482
049109573
049115317
049118320
049123457
049133043
049134909
049141375
049151423
049163872
049174685
049179063
049181132
049192802
049194038
049227786
049232548
049236705
049242269
049252185
049256907
049262510
049274890
049295697
049299243
049319552
049326443
049334159
049344170
049350036
049376949
049379890
049381404
049397499
049398718
049401167
049431425
049443220
049450245
049451956
049482846
049491160
049514653
049549132
049571701
049581947
049584003
049603289
049603481
049620588
049623922
049629513
049636437
049651542
049687739
049736392
049753985
049756608
049781251
049786918
049793805
049799013
049801039
049812967
049815072
049840754
049844184
049850747
049858629
049950177
049956216
049961841
049998353
050009234
050014808
050019794
050026451
050035945
050040115
050041950
050060357
050070559
050075527
050086995
050087661
050099684
050104738
050107032
050127564
050151796
050169917
050170298
050189818
050194541
050244179
050263124
050263980
050287552
050293394
050307260
050319407
050322835
050334513
050355215
050371943
050396578
050403801
050407495
050409511
050414849
050442104
050445594
050473948
050491145
050505780
050511242
050511556
050515792
050525237
050533203
050545512
050550876
050574230
050585269
050586730
050592580
050592625
050593165
050598333
050613985
050617009
050636625
050639670
050675782
050676286
050693012
050702679
050739409
050745240
050780506
050786204
050789421
050818488
050828644
050831169
050834710
050853889
050857069
050867463
050874029
050885165
050924525
050928899
050985401
050987406
050987765
051021292
051026265
051031258
051037541
051040469
051058076
051074730
051085236
051109020
051109382
051111364
051112914
051127546
051144283
051151956
051179492
051193863
051210386
051226875
051231531
051250265
051261524
051273647
051306942
051307722
051314150
051343450
051351787
051387583
051390471
051398949
051405246
051409544
051423444
051425428
051432648
051450216
051452000
051461279
051492751
051498785
051537433
051559603
051564187
051600529
051631599
051633982
051654651
051666050
051666426
051667639
051680059
051683677
051684846
051704835
051715036
051715597
051727217
051741419
051744635
051774066
051796053
051801043
051818494
051822689
051831512
051840754
051849297
051856169
051870099
051876195
051883806
051888953
051897386
051928008
051931269
051960710
052006258
052006802
052016022
052016350
052017940
052023049
052052053
052062247
052100217
052159951
052183088
052217280
052224325
052228947
052237326
052251018
052278573
052280595
052317801
052319225
052324708
052328625
052339091
052360057
052385561
052399317
052407245
052425793
052428598
052437549
052443635
052468841
052470754
052473564
052483351
052510240
052516338
052517579
052520220
052520607
052525046
052543200
052548923
052563191
052569018
052618281
052620868
052640266
052641361
052664226
052665983
052681717
052700762
052715459
052722475
052737329
052767747
052790983
052807141
052834469
052851517
052862984
052865583
052865660
052910327
052919010
052943574
052946485
052965058
052965972
052994059
053063558
053063726
053110942
053116953
053129402
053187177
053191070
053193298
053197173
053198180
053223485
053231026
053234773
053235113
053236023
053242034
053242068
053263274
053288564
053304329
053308266
053332355
053333811
053348021
053350766
053358973
053370037
053403611
053438796
053478688
053480098
053481816
053507375
053534777
053539753
053544900
053563165
053565660
053568897
053579665
053579907
053582768
053609637
053619228
053655467
053657819
053660751
053662090
053662328
053680909
053697442
053712075
053720818
053725227
053733482
053741694
053749375
053754014
053758114
053764846
053769213
053791470
053807954
053809694
053810566
053822010
053823945
053827724
053847598
053867250
053870180
053919379
053923053
053929826
053937456
053941819
053943436
053976449
053998538
054006572
054009342
054027889
054055268
054061099
054082706
054107092
054110292
054117383
054118806
054123066
054127011
054132886
054133538
054142939
054147283
054150628
054164151
054168682
054170481
054176096
054188017
054203539
054204198
054209651
054219564
054265928
054272444
054285535
054286814
054302458
054348443
054348946
054372673
054376246
054401229
054412600
054419866
054423676
054424971
054446133
054449696
054453129
054454785
054457209
054468809
054500842
054502692
054521108
054536285
054547423
054548815
054557435
054564113
054564362
054570302
054599414
054600675
054609133
054614447
054627910
054630957
054640707
054647636
054651371
054659426
054661494
054669741
054671028
054680203
054690902
054701861
054704535
054711511
054759238
054761198
054768572
054773991
054796780
054802150
054821591
054848359
054853899
054863839
054879231
054890963
054915569
054925127
054941183
054962230
054966967
054968426
054971726
054987692
054988356
054992107
054997899
054998898
054999749
055013967
055033650
055066046
055091264
055096222
055116460
055131739
055133754
055164674
055167956
055168797
055178223
055179006
055186364
055189514
055190684
055197420
055200428
055201817
055215382
055218611
055233801
055251978
055263458
055266227
055303784
055323687
055342770
055347178
055348495
055371149
055372823
055375584
055377395
055383092
055394173
055401702
055409928
055417800
055435405
055436404
055448911
055480676
055484219
055508260
055508495
055513379
055536355
055543171
055550898
055551867
055561715
055563476
055570354
055646464
055657843
055684441
055685876
055689064
055695209
055704759
055706593
055742474
055751826
055764239
055767190
055776476
055787632
055787918
055810844
055827652
055840425
055851615
055868144
055871295
055880083
055881723
055900307
055900654
055974466
055975568
055983680
055988317
056000436
056016818
056027008
056059807
056064293
056067829
056069782
056074708
056093797
056104874
056122279
056135582
056139037
056159451
056161616
056181388
056187696
056218881
056222325
056229682
056244894
056258105
056270201
056312659
056319809
056336305
056338374
056338893
056347047
056365870
056366805
056389211
056423182
056434117
056472860
056507228
056522638
056529241
056533025
056540339
056545637
056563345
056573196
056578155
056586307
056588861
056618598
056639072
056640464
056644369
056660172
056679984
056716309
056716455
056731222
056733993
056743925
056753737
056820834
056826862
056830510
056847220
056872794
056886080
056897003
056904657
056914157
056920646
056923021
056930498
056953978
056970785
056988968
057006117
057018722
057024812
057028694
057038733
057057071
057066458
057068966
057076880
057077830
057084084
057085394
057119918
057121292
057141139
057163972
057168233
057170965
057177235
057186969
057195110
057199588
057228381
057231519
057267058
057275326
057277028
057307066
057324266
057325957
057332371
057337679
057352895
057356328
057386277
057391141
057394987
057415667
057416200
057427038
057429354
057435507
057443376
057450433
057470320
057470920
057475569
057495489
057506057
057508571
057538170
057544093
057546689
057550102
057552022
057557713
057559343
057576858
057579247
057618541
057630882
057640469
057651648
057654499
057676085
057680792
057685738
057692214
057694524
057697165
057698161
057702040
057727903
057739927
057752129
057761308
057780705
057804011
057807210
057809184
057816220
057820667
057822979
057844724
057847092
057847325
057856393
057857541
057875648
057907253
057912519
057922004
057931340
057940563
057953934
057961090
057976501
057983423
057996198
057998332
057998379
058008621
058017637
058019490
058023129
058064523
058069908
058072487
058076858
058079683
058095038
058103832
058110624
058110852
058133922
058136656
058138490
058162229
058173665
058200928
058207013
058210768
058214480
058219875
058271445
058272148
058286936
058292606
058310576
058313022
058319516
058339179
058341544
058369658
058376142
058377278
058383327
058389371
058403866
058431431
058444146
058454311
058482781
058492109
058493612
058512166
058525015
058533054
058535436
058548594
058551404
058555719
058565434
058577827
058580839
058586305
058593723
058623550
058660846
058662392
058675480
058676791
058682045
058693651
058735463
058736678
058738619
058756177
058772539
058793373
058799163
058808625
058844383
058864367
058868897
058869172
058897259
058903894
058906015
058911874
058913982
058921172
058933164
058944322
058958429
058972883
058972904
058975285
058991769
058996065
059001247
059011642
059025337
059042610
059058966
059063783
059075372
059080453
059086627
059098668
059106208
059107071
059109538
059109880
059113030
059140741
059144993
059171697
059210721
059214560
059240778
059241457
059244544
059247465
059248299
059267807
059277969
059281207
059293993
059298475
059310596
059322157
059325947
059334366
059346122
059346138
059347620
059349642
059356094
059361470
059365258
059366079
059378063
059385436
059401270
059410464
059424183
059447385
059447634
059449837
059482529
059484738
059486585
059493994
059496836
059500978
059504634
059521283
059541480
059544993
059550422
059554928
059580753
059588434
059592681
059604360
059605012
059613139
059623108
059625858
059626988
059639360
059672229
059691069
059696029
059696397
059713349
059715531
059731238
059741310
059762899
059766828
059768703
059782138
059801836
059823776
059825293
059896664
059899009
059901264
059909933
059930039
059936355
059937922
059943054
060002740
060025141
060035469
060051686
060079215
060094548
060095719
060107417
060109706
060111501
060130836
060136763
060149295
060155388
060161182
060167002
060168661
060180673
060192343
060215431
060245326
060246917
060261628
060263292
060272980
060290881
060315012
060315211
060322214
060324542
060329151
060341758
060342986
060349310
060360192
060379545
060380308
060381722
060392828
060407210
060425952
060430442
060431298
060456266
060507149
060510162
060552927
060577925
060585297
060590894
060595017
060601500
060621664
060637948
060668155
060668932
060671620
060671958
060680783
060683143
060694541
060709404
060732442
060742876
060747839
060754485
060762358
060775212
060785415
060790521
060795718
060797117
060798823
060807045
060810119
060831940
060838295
060850461
060851234
060852727
060857159
060857172
060890486
060912062
060917488
060923836
060929744
060935637
060941510
060944530
060946159
060946680
060946776
060950160
060952031
060962028
060968191
060969357
060986873
060987713
061018301
061025846
061041120
061047551
061062004
061064207
061149485
061173791
061183102
061198086
061214982
061285536
061292485
061293958
061298586
061305203
061310760
061328335
061328639
061339043
061349277
061355930
061359807
061360411
061370797
061384595
061404361
061409074
061416885
061418372
061418624
061438164
061443365
061449946
061454102
061477095
061491009
061508497
061509337
061512914
061531141
061534784
061542078
061555262
061584389
061585010
061598545
061617908
061620186
061622425
061629667
061645894
061647936
061658784
061683838
061688578
061692692
061707653
061755731
061769459
061772692
061774050
061785915
061790742
061802228
061805081
061809062
061815229
061844347
061880631
061892236
061909310
061920793
061935131
061938997
061944507
061958259
061966415
062000133
062028701
062030955
062034286
062055920
062063695
062087419
062092857
062112530
062130209
062162958
062175939
062182409
062188316
062202948
062208670
062216692
062231536
062234326
062248332
062251587
062257540
062259090
062275340
062282924
062289048
062325751
062325898
062337957
062340596
062343179
062350781
062354955
062377219
062380726
062399849
062405844
062439276
062455750
062455864
062466357
062470067
062473946
062492247
062521153
062539763
062564207
062566933
062584119
062584667
062585992
062623432
062636554
062646386
062675335
062680263
062694786
062727664
062732447
062732894
062743901
062760672
062762470
062763035
062764180
062795874
062805453
062827946
062834712
062842646
062868433
062873402
062874523
062886059
062904699
062905760
062912222
062920016
062935494
062955906
062956740
062967265
062980111
062982065
062988370
063003458
063009385
063023816
063024722
063040093
063042175
063051699
063058870
063068719
063077042
063077973
063092179
063099115
063124572
063149911
063153691
063168979
063172242
063192428
063240090
063271031
063271188
063310146
063317867
063333858
063335791
063363244
063370974
063371160
063378328
063388946
063397341
063400570
063403697
063408806
063414214
063422800
063436369
063439726
063443994
063445314
063495152
063509365
063515699
063532335
063541258
063541436
063548302
063562806
063573678
063573936
063600180
063617736
063634432
063636581
063640137
063654449
063720148
063749880
063766428
063793049
063804820
063809273
063813990
063823225
063835430
063852505
063862540
063869909
063871058
063872341
063910785
063955383
063957387
063963821
063966427
064021920
064047604
064069127
064082631
064089166
064096553
064114763
064148747
064168651
064175208
064177540
064188758
064232553
064232689
064263967
064265083
064269442
064279507
064280205
064280659
064283339
064316145
064317862
064330248
064336973
064355212
064364137
064374046
064386324
064399795
064409469
064421302
064424140
064436570
064439616
064442317
064443049
064452514
064471998
064474525
064496377
064508269
064527776
064553436
064557218
064566591
064572504
064613037
064640174
064677496
064686022
064693945
064696568
064734213
064747471
064751899
064770907
064775576
064796430
064803032
064810213
064811059
064820918
064831801
064846456
064863737
064868295
064868304
064894194
064915396
064918928
064924273
064932232
064963290
064966316
064968084
064978805
065009245
065017813
065020109
065032569
065036556
065057479
065078832
065082795
065083836
065096857
065112574
065114758
065116839
065131990
065133611
065138317
065142039
065147609
065158590
065159261
065159391
065165216
065166683
065199514
065201462
065210834
065211398
065228111
065252688
065262964
065268904
065274611
065287309
065316279
065327157
065360295
065365648
065383839
065392137
065399422
065413274
065451447
065462119
065462150
065465069
065490530
065505902
065517371
065525483
065538320
065542750
065546570
065550997
065555820
065559395
065561988
065582077
065583439
065601458
065616181
065616184
065617563
065640960
065647861
065653307
065672271
065694674
065711884
065721320
065735348
065767743
065784530
065786351
065815982
065819741
065835709
065845183
065877768
065885540
065888547
065895085
065911352
065911474
065912991
065929147
065935392
065939908
065942296
065942325
065951077
065951995
065954700
065974443
066011710
066011944
066017264
066018800
066019738
066030272
066081758
066101425
066102706
066113059
066115427
066126531
066134821
066137061
066144084
066147677
066157674
066158202
066166726
066167506
066183459
066186031
066196984
066212735
066216535
066218589
066223216
066231552
066231791
066237162
066241575
066243401
066249687
066260050
066283760
066285979
066290625
066294927
066304719
066321433
066331071
066336261
066344439
066349035
066350177
066362472
066371325
066373436
066376674
066378969
066381011
066388984
066401223
066437541
066503667
066505599
066520410
066540479
066578440
066579310
066630532
066637652
066640730
066642661
066646305
066668565
066670886
066686426
066689527
066690539
066735116
066739862
066754990
066755774
066769776
066775603
066780468
066780857
066790151
066792000
066793374
066808514
066852514
066854670
066880060
066890011
066895308
066902234
066908002
066926829
066972301
066974581
066980504
066995349
067026369
067032007
067040978
067051360
067058005
067060581
067066332
067068776
067076002
067076503
067097471
067101298
067127083
067184197
067189274
067214869
067225250
067243440
067246050
067251846
067264874
067276461
067341973
067342080
067351679
067360983
067371165
067383796
067386539
067388940
067391987
067394445
067398127
067400137
067421016
067429357
067450378
067478630
067532353
067579096
067581164
067582293
067600156
067617756
067619575
067623374
067636107
067648375
067676654
067682130
067687228
067688552
067703781
067709378
067712064
067739313
067743468
067743807
067753161
067781320
067801615
067812250
067832620
067851707
067866996
067871324
067887823
067915540
067917170
067939349
067955412
067962033
067963318
067969722
067970863
067988497
068004606
068006103
068010970
068021337
068022824
068058309
068062393
068097793
068110950
068113770
068115407
068120926
068128211
068146061
068150272
068151454
068152603
068153500
068162750
068172844
068178312
068199745
068240616
068251173
068267115
068269850
068293780
068298199
068319785
068320831
068323555
068345274
068398033
068402486
068412027
068419774
068443536
068444905
068458840
068459605
068513431
068521075
068553862
068567664
068601674
068602422
068607596
068623603
068628676
068632720
068641989
068643413
068667861
068671666
068682122
068760143
068785219
068789865
068798402
068811766
068813471
068827424
068828467
068835320
068840240
068840502
068859952
068862929
068863163
068868915
068889311
068908765
068915723
068927932
068928408
068933882
068934012
068941171
068956441
068977546
068982107
069007535
069055264
069061531
069062274
069072289
069075666
069088398
069091782
069097415
069124666
069150555
069177764
069181859
069190231
069191003
069193142
069216134
069235892
069280120
069292023
069297179
069308776
069316936
069320978
069342580
069342584
069361806
069363484
069367704
069368223
069394844
069399211
069413165
069427475
069427712
069460761
069467173
069467211
069482073
069488709
069496527
069530811
069532941
069546721
069551048
069562280
069574869
069578631
069589465
069602980
069603141
069607986
069614592
069626348
069628878
069636127
069650718
069666647
069666691
069699233
069701574
069709114
069716369
069716625
069732577
069743162
069747146
069749701
069807055
069816171
069821545
069826923
069872692
069873571
069913883
069919320
069923899
069924274
070018826
070030559
070034789
070069932
070073188
070080248
070086570
070099289
070109759
070114113
070136986
070149790
070156527
070159935
070173827
070186243
070203567
070239614
070254050
070257657
070263946
070273830
070301896
070303170
070328005
070398592
070410436
070449364
070455443
070482417
070491113
070498464
070503452
070506328
070546083
070549665
070550266
070590667
070637921
070652963
070662987
070664252
070680360
070690090
070691102
070696818
070697649
070699696
070708648
070713752
070722833
070723863
070727073
070739700
070752282
070755336
070762059
070765438
070772135
070776031
070789203
070797151
070802378
070814733
070815169
070832405
070847825
070857913
070874470
070904626
070913699
070932083
070938882
070943886
070956772
070973708
070976728
070989543
071010409
071014504
071017161
071038765
071042182
071052917
071065738
071066725
071070736
071085667
071087563
071120716
071151290
071188209
071201402
071206342
071217922
071238764
071254427
071260468
071268282
071271800
071290579
071302820
071304605
071332173
071384745
071389147
071395542
071403264
071405433
071408693
071408702
071426346
071436516
071438756
071442416
071459592
071475328
071510561
071516473
071532231
071545096
071550595
071556964
071566265
071586954
071595890
071598469
071601364
071606305
071609192
071611104
071612764
071633103
071638656
071660628
071667187
071671361
071672478
071674638
071679803
071697690
071704794
071711949
071717139
071718689
071726188
071728162
071746499
071753686
071756138
071764559
071770336
071772225
071772787
071782978
071793702
071806816
071812308
071836022
071839240
071840628
071860374
071869927
071890694
071904591
071917192
071920178
071927139
071938816
071972584
071978726
071983031
071989964
072003654
072011133
072015746
072024540
072032021
072032292
072037321
072038400
072041607
072058642
072066445
072067636
072081632
072095531
072105466
072144916
072151178
072165855
072185316
072214752
072223326
072225257
072226693
072231618
072245212
072246131
072255410
072274077
072303443
072328995
072344366
072355929
072382868
072396787
072402919
072436271
072446042
072452284
072455791
072457506
072470181
072498226
072513940
072541563
072546817
072582052
072586471
072596878
072597991
072600738
072610607
072616642
072624259
072647093
072652619
072667099
072678055
072697987
072701245
072710283
072724232
072739729
072757932
072810449
072811644
072818876
072821635
072831551
072849068
072849393
072865628
072870925
072877805
072882218
072887029
072893920
072896543
072903374
072903762
072910328
072941999
072944399
072967841
072968681
072987401
073007517
073022172
073051465
073053202
073059143
073065051
073070688
073085177
073086082
073125059
073152562
073158952
073177203
073221921
073223791
073225928
073236790
073245012
073269905
073276186
073279672
073303178
073307130
073327570
073331466
073332791
073340185
073373601
073392672
073400425
073410698
073411530
073421834
073430967
073432341
073432531
073448704
073449240
073460830
073501381
073541403
073555820
073568875
073574045
073593539
073598449
073608214
073638979
073641691
073649421
073655720
073672164
073675022
073681683
073697960
073726968
073747647
073748709
073748948
073750125
073750836
073758230
073786952
073788498
073789692
073792394
073792777
073795312
073803362
073814628
073855704
073877803
073880505
073882744
073886668
073933620
073946923
074003594
074036457
074050952
074076862
074077987
074081766
074088321
074090406
074108580
074110704
074139497
074160883
074164145
074178333
074180648
074188217
074196671
074209259
074217904
074229223
074231025
074245756
074249606
074253716
074273086
074282150
074319320
074336125
074349862
074370616
074376267
074376735
074378093
074388311
074394629
074418611
074430372
074436820
074475069
074508017
074513275
074546704
074550309
074561391
074580105
074595462
074626606
074630617
074637267
074645976
074649141
074665143
074697460
074708621
074744253
074757464
074757812
074764461
074765182
074774582
074777664
074807318
074808937
074811024
074818391
074825969
074837525
074864523
074867218
074882634
074883919
074888128
074899902
074927534
074929291
074949551
074952661
074962575
074991742
074997780
075015482
075026576
075052398
075066901
075076965
075078818
075079023
075081138
075115370
075116651
075119164
075123019
075127312
075127892
075130730
075137427
075162055
075167977
075171704
075179816
075181208
075182639
075188979
075231097
075237453
075298619
075305761
075319970
075327673
075338542
075338811
075350390
075366614
075382626
075393654
075459720
075492684
075493173
075497873
075509397
075511779
075513726
075516859
075545381
075549466
075549907
075554773
075555114
075560771
075568178
075570992
075606111
075621361
075659393
075670491
075673017
075692685
075699476
075716663
075734178
075748232
075752699
075781331
075793774
075812921
075813846
075840367
075855523
075871532
075876375
075886813
075897683
075911910
075929251
075939826
075969500
076003490
076016093
076022786
076046461
076050200
076053399
076055812
076057564
076066964
076080167
076100598
076102060
076102399
076102790
076103779
076111059
076121152
076127143
076150731
076167491
076173690
076174271
076181310
076190181
076193438
076207165
076221206
076228513
076230262
076231876
076252568
076266782
076279905
076282887
076285548
076318987
076328519
076330808
076344490
076351584
076360436
076363192
076364863
076401263
076405559
076437266
076444073
076452779
076456372
076464961
076506343
076519020
076524332
076531630
076545845
076549850
076576332
076585230
076602590
076606478
076623890
076640502
076652732
076659594
076684890
076701169
076727830
076756763
076760602
076776462
076786092
076793755
076796750
076841054
076842107
076871091
076872923
076874713
076876418
076891321
076902324
076916987
076922315
076923120
076932450
076937915
076944889
076949293
076960015
076974662
076977231
076985801
076999355
077001139
077008903
077015821
077041179
077048936
077077269
077092184
077104430
077112282
077113605
077124307
077132314
077148487
077164074
077183604
077190624
077198907
077231839
077231969
077250197
077277142
077284008
077303190
077314187
077326115
077363665
077387966
077396080
077398060
077422219
077430012
077448096
077456025
077465353
077471498
077472359
077480972
077486027
077502506
077514276
077514608
077521132
077524405
077532898
077540951
077541451
077549575
077565464
077587725
077589708
077613940
077636746
077641296
077644745
077671056
077676827
077682137
077686033
077714692
077715291
077718591
077722852
077730215
077737313
077757503
077772791
077781214
077812566
077837190
077839561
077851429
077851588
077854182
077854582
077855303
077855546
077857719
077867466
077887365
077920314
077920674
077922665
077936327
077936584
077939305
077943061
077958447
077963436
077976106
077981868
077984540
077991578
077996220
077996352
078004809
078020350
078036550
078037612
078052552
078063172
078068207
078069930
078071800
078078548
078082583
078091525
078093318
078104312
078129065
078135622
078174586
078199429
078202809
078206452
078219404
078242581
078243941
078244164
078262079
078274567
078319841
078329798
078346956
078348015
078365301
078375984
078392528
078396079
078406178
078409470
078418718
078444154
078451014
078467598
078477320
078477432
078487991
078507186
078518102
078529467
078565162
078566660
078580047
078582832
078613042
078616842
078629393
078630955
078636394
078636739
078661306
078665252
078687920
078695681
078697580
078699008
078705665
078710113
078734885
078738243
078738703
078783319
078789631
078803515
078815979
078832740
078858177
078895834
078930045
078967361
078973176
078991170
078991200
079036822
079049236
079050838
079051361
079062734
079077681
079091760
079100407
079108572
079131071
079135272
079154101
079155820
079157391
079157904
079164007
079196101
079208430
079210578
079219119
079221703
079222235
079235096
079248773
079253106
079254874
079259481
079275811
079284453
079286499
079298558
079314287
079353740
079376681
079381810
079393871
079396773
079451554
079462679
079480955
079483026
079489375
079511028
079518619
079528704
079537831
079554439
079556336
079558025
079583266
079592639
079597324
079603715
079627838
079634578
079639072
079644056
079658094
079665837
079694750
079697478
079699262
079742055
079742602
079744892
079752100
079780468
079781365
079793137
079794319
079799804
079804658
079812505
079817080
079839615
079845351
079855584
079861302
079870457
079874915
079877183
079901037
079928381
079932517
079956032
079967880
079969186
079986860
079991609
080013758
080041006
080069146
080081810
080093872
080098070
080131226
080134714
080135206
080137154
080144578
080192039
080211645
080228882
080239603
080240178
080250203
080265624
080269741
080285345
080292984
080301188
080307564
080313309
080321212
080353766
080354178
080356760
080360354
080388471
080410925
080420291
080423379
080429346
080432033
080443721
080455871
080462244
080473706
080497860
080498856
080511921
080517440
080535767
080543004
080543233
080552686
080558083
080558425
080563693
080569919
080589117
080590565
080601650
080620128
080640362
080663612
080666505
080669352
080671477
080710702
080713283
080715554
080751160
080795733
080801142
080810566
080815705
080821283
080839735
080851327
080860425
080874223
080882632
080885854
080903455
080910322
080944404
080947321
080951607
080957926
080978403
080988159
080991312
081012664
081020585
081024844
081025913
081030330
081059316
081068357
081076147
081082054
081087858
081101611
081111787
081112760
081115626
081116260
081128885
081145303
081176979
081186170
081204524
081210454
081241366
081245113
081245595
081247382
081290101
081292841
081298574
081305121
081310505
081312027
081314200
081315120
081374830
081391611
081401674
081405193
081406829
081438392
081438678
081441920
081442357
081450797
081453696
081462506
081467100
081482511
081522185
081524194
081549973
081574538
081665524
081677947
081679337
081703978
081707207
081708495
081729777
081747644
081753242
081759455
081791463
081809490
081810978
081836064
081873799
081886927
081907188
081910232
081916450
081918886
081923058
081943808
081967700
081986815
082004179
082050750
082055973
082057644
082064255
082084901
082107858
082112363
082119828
082125942
082138836
082147125
082157769
082158836
082183095
082217989
082236351
082253724
082258373
082261432
082264635
082264793
082285552
082288807
082295032
082300357
082308753
082357428
082379038
082384052
082399765
082425472
082447505
082457587
082468097
082472316
082474324
082494693
082503891
082521499
082553484
082597821
082606763
082621738
082625773
082629136
082672765
082685856
082694903
082715815
082736891
082751892
082752369
082755305
082767941
082792495
082812519
082824925
082827356
082832625
082843867
082853858
082865291
082866180
082866714
082869494
082870898
082873751
082886257
082889711
082891547
082892989
082928668
082939466
082940022
082956272
082956583
082991803
082993959
083003268
083013890
083014337
083020033
083020288
083021986
083062276
083095618
083143562
083151833
083153497
083156950
083216245
083239104
083248947
083275867
083284309
083299414
083360756
083364996
083399076
083400691
083404442
083473795
083495678
083497407
083502996
083521726
083524695
083553550
083553928
083557171
083582593
083584302
083611770
083611862
083629131
083634320
083643974
083644219
083644590
083647319
083656304
083659378
083671737
083686342
083692783
083701333
083704113
083714743
083756273
083772910
083782572
083784138
083815920
083823042
083833782
083839909
083849183
083850253
083857767
083885386
083909970
083912160
083920795
083933849
083952206
083956671
083980161
083986130
083990395
084007716
084040510
084044275
084102764
084109617
084143976
084144755
084180871
084199855
084201552
084216603
084219373
084221008
084224959
084228210
084235679
084246641
084253451
084253823
084262720
084271912
084304344
084325948
084332617
084336113
084342780
084360983
084364966
084372879
084387941
084404091
084405633
084420959
084433355
084442633
084454940
084455638
084457115
084466591
084478323
084479036
084480567
084481605
084486409
084510564
084522556
084525180
084538695
084574488
084595937
084612421
084619387
084620777
084672541
084692342
084704692
084753200
084779027
084792416
084797169
084804209
084827460
084858619
084875247
084903451
084907087
084909802
084916307
084925863
084942227
084960017
084991144
084997537
085011887
085013273
085034800
085035811
085036279
085057453
085058173
085061606
085062664
085104245
085110345
085120691
085124612
085128221
085128884
085153717
085186417
085198722
085204842
085218150
085221421
085223652
085226387
085243889
085253874
085272997
085273675
085292436
085304066
085311139
085331719
085339573
085355023
085369571
085378492
085396197
085400082
085438509
085439951
085442041
085442296
085442939
085460756
085477835
085482005
085487772
085492566
085497402
085498601
085531446
085548595
085562457
085569647
085573726
085597586
085622694
085626765
085648984
085654122
085669822
085711795
085756234
085761750
085777360
085785778
085788919
085793065
085799522
085816268
085832294
085837338
085841275
085860011
085867205
085874497
085887758
085898055
085918189
085932495
085942259
085946578
085952771
085952862
085972878
085979467
085985147
085985449
086001675
086035335
086036723
086072856
086073058
086124939
086156428
086162495
086182813
086184382
086196676
086201772
086204265
086208409
086212762
086215296
086234161
086267407
086267516
086300788
086302596
086310343
086313396
086330429
086343158
086357700
086386676
086395703
086423060
086436627
086440299
086440562
086472238
086507110
086537080
086542941
086557715
086584148
086610155
086612606
086634144
086641513
086677035
086682149
086701161
086729420
086734550
086770210
086774739
086782791
086782850
086797963
086797977
086827128
086832396
086840952
086859913
086862727
086862817
086875723
086875743
086907582
086945910
086945912
086977380
086981237
086989636
086996916
087004800
087014301
087019669
087024166
087030378
087035400
087066903
087074990
087082731
087096760
087096912
087113212
087119644
087127699
087135734
087159715
087166891
087173909
087211041
087242654
087246552
087261797
087275384
087303560
087318409
087325436
087357531
087361853
087366866
087375379
087389008
087399801
087399943
087405656
087407177
087410106
087410963
087430733
087457648
087457952
087488197
087494999
087505896
087513362
087532908
087536324
087548865
087554787
087588308
087588572
087590492
087598733
087630603
087635211
087648561
087665360
087715490
087730619
087735045
087746086
087766927
087821631
087844491
087862999
087897890
087903197
087906200
087924904
087939306
087946269
087952159
087970798
087975240
087983775
088007671
088015674
088029126
088031476
088034820
088058244
088061883
088065058
088077211
088109440
088110515
088119734
088124953
088129755
088135524
088139100
088164795
088171731
088198759
088205440
088221241
088226952
088255988
088260562
088274208
088283649
088317597
088334970
088368397
088378588
088385726
088388546
088391840
088407011
088420646
088424517
088438617
088447131
088449653
088458689
088467498
088480308
088482970
088492675
088501532
088506455
088523888
088528283
088559909
088582429
088588274
088590238
088607397
088626138
088629574
088637638
088656411
088658960
088659544
088673439
088680987
088693393
088714200
088721274
088729100
088742454
088756307
088758899
088775152
088811819
088819135
088842614
088864267
088872773
088874808
088900061
088903604
088908658
088909240
088912792
088913054
088922689
088933761
088959646
088960140
088974899
088996587
089000727
089009842
089010547
089014114
089014264
089015636
089041647
089075797
089105062
089128266
089145387
089173546
089196991
089207435
089230250
089237711
089242618
089246909
089252329
089255900
089265620
089313872
089320659
089323615
089353458
089397839
089400541
089409137
089409377
089409430
089409954
089410760
089419087
089422804
089430289
089438985
089452124
089455800
089462027
089466762
089481666
089506672
089508517
089520684
089529481
089534609
089541406
089547561
089556285
089567478
089593450
089601552
089605669
089608256
089609130
089625672
089633582
089668599
089675136
089687824
089699529
089703852
089713047
089716219
089720413
089721576
089728267
089733897
089738572
089739732
089753233
089779581
089803055
089822352
089822919
089825908
089827971
089856060
089865638
089870683
089881109
089899106
089933941
089961249
089983335
089984801
089996652
089998328
090002312
090008318
090026411
090041806
090051549
090083698
090113124
090117762
090118912
090121646
090144369
090147758
090148585
090164418
090176199
090177403
090194020
090198809
090210647
090211731
090255291
090275101
090277605
090286479
090289500
090290101
090300109
090301304
090320667
090322362
090340776
090358299
090397617
090408171
090476980
090497688
090529900
090532183
090535090
090537319
090548948
090558214
090558458
090575679
090586056
090598791
090611100
090625458
090626579
090635421
090643745
090665330
090674237
090711742
090750635
090756647
090757570
090761100
090772534
090776124
090822849
090841011
090843455
090843755
090845056
090852403
090865556
090869277
090882721
090885138
090900559
090904094
090907253
090917526
090922021
090930415
090936033
090949904
090955543
090956443
090958670
090959539
090971831
090993016
091019612
091051601
091060572
091061251
091067774
091079791
091082422
091082626
091083423
091092718
091101570
091107376
091112050
091133919
091134182
091154905
091159689
091168300
091177455
091181857
091196858
091197574
091220757
091235309
091237661
091260252
091285869
091298541
091303310
091330471
091357801
091372749
091381452
091392220
091400004
091418842
091423138
091429881
091434044
091436352
091455828
091458444
091468982
091484215
091487838
091488615
091493190
091500154
091505573
091507677
091509845
091527798
091532894
091541620
091545137
091569135
091581435
091615103
091624880
091641292
091642054
091646835
091662337
091663524
091664310
091675600
091698340
091704559
091709877
091731358
091736199
091748584
091772581
091839754
091845167
091851015
091872375
091893474
091939484
091979257
091989418
092000083
092001578
092026260
092033356
092061608
092069140
092073965
092077085
092136740
092159231
092192767
092195563
092212039
092213133
092247653
092249938
092257240
092287317
092291574
092292777
092314389
092317603
092323938
092329951
092354276
092373140
092384662
092395491
092403449
092421843
092443009
092461253
092462282
092478591
092526464
092535491
092552932
092560945
092605956
092613284
092618892
092622745
092641388
092646380
092662135
092674777
092700097
092703454
092706912
092711063
092718377
092761424
092763830
092774573
092779148
092784227
092793420
092796906
092817594
092824535
092837255
092846865
092855553
092888983
092911635
092914472
092922805
092924892
092926098
092928065
092940348
092968645
092984249
092998478
093000672
093001906
093025432
093033143
093042349
093044860
093070399
093075733
093083703
093087309
093115809
093122476
093135837
093151963
093153180
093194414
093204584
093213392
093216172
093228214
093249587
093261702
093309407
093325867
093327641
093350188
093362944
093389897
093415534
093441079
093443304
093455807
093456557
093472992
093482204
093489645
093507662
093536950
093539449
093552302
093556556
093597408
093612557
093615477
093616304
093628062
093644642
093649333
093668793
093671948
093682246
093714497
093738807
093746719
093763697
093773747
093776456
093778763
093818315
093830482
093842185
093843182
093846205
093852978
093857824
093886967
093888332
093906919
093919743
093921849
093943163
093943362
093948089
094017983
094031615
094045858
094048774
094053072
094064000
094075245
094088017
094095662
094096579
094101982
094122164
094128995
094141118
094147424
094168921
094169199
094169483
094182127
094214660
094218545
094220066
094226117
094233449
094234351
094277200
094307584
094316313
094331011
094378889
094422367
094426649
094446895
094470905
094473013
094487564
094498479
094501709
094511751
094518858
094518976
094535813
094569815
094573796
094573842
094577472
094592464
094592786
094597089
094619628
094630890
094645809
094670792
094675624
094679117
094688544
094703579
094715294
094724788
094728334
094742800
094756513
094777970
094789382
094791708
094805328
094824454
094836955
094861017
094888162
094888554
094904148
094909709
094911246
094913215
094952062
094979935
095022461
095023735
095032454
095033547
095045917
095050356
095053282
095055037
095068194
095084103
095109068
095140334
095156085
095188381
095206245
095212388
095222179
095226008
095226401
095242069
095282006
095286952
095288761
095307277
095318260
095355681
095363261
095383397
095396523
095405103
095413808
095423136
095425844
095444769
095506051
095528661
095541416
095552370
095562138
095565150
095565543
095581174
095591880
095591883
095604714
095622117
095625920
095629188
095641962
095648110
095650140
095654891
095667554
095681467
095688844
095699177
095710710
095744802
095758102
095762528
095763629
095765647
095781318
095793412
095797935
095828563
095832769
095834858
095850827
095851628
095851861
095878460
095919349
095923544
095943960
095959215
095983438
095991669
095992812
095993657
096010704
096018843
096026636
096074630
096085558
096107032
096123470
096127924
096155073
096161144
096183317
096184540
096218591
096229154
096238033
096244729
096265214
096273258
096297594
096315770
096320264
096322254
096339338
096355014
096395343
096401741
096414580
096445927
096458019
096473756
096482313
096486460
096488299
096511870
096544863
096554692
096555709
096555922
096560983
096563203
096583667
096604751
096617802
096627430
096627625
096639729
096641932
096665000
096665367
096670614
096696851
096712662
096725462
096775432
096776147
096778719
096785992
096786003
096807250
096807638
096829356
096841079
096841486
096841913
096866291
096881469
096884241
096885934
096910263
096924213
096924593
096932181
096934961
096946353
096947043
096952656
096953254
096957205
096992557
096995205
097005736
097007446
097007662
097011689
097067655
097079099
097090471
097091207
097099215
097102913
097105825
097107400
097110551
097115091
097121879
097129491
097149206
097178208
097182270
097200533
097205347
097209599
097218208
097221465
097222137
097222971
097225980
097236548
097246139
097251448
097256824
097261946
097270997
097287132
097292571
097297738
097301055
097307816
097326074
097330708
097352655
097374258
097380041
097394058
097424253
097427224
097439481
097460921
097469060
097473695
097479316
097490427
097519241
097541037
097548199
097552733
097563307
097578934
097586526
097598312
097607833
097624103
097686147
097700695
097701426
097714533
097718291
097724157
097727993
097745656
097763234
097781149
097784709
097790005
097795795
097799342
097809812
097815688
097822367
097826546
097849446
097898112
097906940
097910494
097924828
097926460
097966813
097980316
097994024
097995545
098000042
098000546
098005194
098032913
098036874
098044890
098056823
098059212
098065419
098073934
098102949
098119253
098132829
098141572
098154139
098160943
098204009
098204462
098225941
098229844
098248258
098252127
098254876
098316229
098328060
098334077
098349321
098352031
098359730
098392820
098417664
098430919
098432198
098438131
098457590
098466974
098468555
098492911
098493787
098500975
098509552
098520733
098540478
098547540
098548175
098551229
098551936
098557463
098560073
098593417
098596168
098599157
098602793
098617680
098618031
098624986
098631684
098635580
098638217
098639858
098641402
098651525
098656949
098663012
098677560
098679659
098687685
098691371
098727613
098736847
098759577
098769919
098772239
098772956
098801396
098803597
098805572
098806794
098820349
098828859
098837057
098838988
098842099
098876041
098877198
098903924
098907447
098910201
098918416
098920653
098936464
098956328
098956481
098969287
098972289
098972313
098989216
098996023
099033230
099037452
099038418
099039780
099047167
099067916
099091747
099137922
099140054
099153278
099167305
099180995
099187454
099203847
099215144
099215801
099217171
099251462
099253807
099258180
099258988
099272462
099278702
099283213
099316374
099317079
099330719
099337279
099363014
099384839
099428799
099433030
099443018
099456426
099475369
099481303
099484981
099503123
099542151
099548361
099564518
099573445
099574823
099580237
099614524
099615290
099624210
099633392
099652207
099656142
099663684
099668328
099672640
099672821
099681094
099684928
099691089
099694942
099698690
099707488
099712450
099734455
099750250
099751375
099762830
099765034
099767226
099769622
099770154
099778439
099789785
099819788
099825179
099830693
099861732
099865392
099879285
099882606
099884483
099914957
099920730
099927653
099929948
099933512
099935030
099941373
099946068
099955770
099971767
099980514
099990098
099992483
